Initialized Grid Eye
Connected to MQTT with result 0
Event Time:  Wed Dec 26 17:59:23 2018
-7
Exit
[(1604, 7), (1274, 7), (1558, 7), (2372, 7), (2114, 7), (2114, 7), (2320, 7), (2492, 7), (2406, 6), (2234, 6), (2834, 6), (3006, 5), (3434, 5), (2074, 4), (2402, 4), (2402, 4), (2182, 3), (2670, 3), (3040, 3), (3772, 2), (2672, 2), (2964, 1), (3178, 1), (3312, 1), (3186, 0), (3250, 0), (2044, 0), (2674, 0), (2674, 0), (1108, 0)]
Publishing data over MQTT
Inside publish
Data Published..!!


Event Time:  Wed Dec 26 17:59:26 2018
7
Entry
[(1130, 0), (3076, 0), (3076, 0), (3180, 0), (3272, 1), (2886, 2), (2498, 2), (2482, 3), (2790, 4), (2198, 5), (2414, 5), (2414, 5), (2760, 6), (1922, 7), (1460, 6), (1460, 6), (2138, 7), (1566, 7), (1044, 7), (1026, 7)]
Publishing data over MQTT
Inside publish
Data Published..!!


